lastlocation:
  world: world
  x: -9.5
  y: 2.0
  z: 248.5
  yaw: 2.8498535
  pitch: 48.89997
timestamps:
  logout: 1608073331493
logoutlocation:
  world: world
  x: -9.43464515117433
  y: 93.96000263717931
  z: 254.69999998807893
  yaw: -7.20459
  pitch: 70.64995
