timestamps:
  logout: 1608133248433
  lastteleport: 1608131068831
  login: 1608129503271
lastlocation:
  world: world
  x: 4.5
  y: 110.0
  z: -2.99999405E7
  yaw: 332.99844
  pitch: 46.80007
logoutlocation:
  world: world
  x: -218.53077360992629
  y: 79.56037484588545
  z: 343.98359691190615
  yaw: 175.20001
  pitch: 27.750002
lastAccountName: xr4zz3rs
ipAddress: 78.164.52.36
